reproduce.pck <-
c("reproduce.pck", "F.nat0full0", "H.nat0full0", "my.uberloop.natsnp.clean", 
"my.ubercompnatsimseas.choice.snp.Temp.clean", "my.ubercompnatsimseas.choice.snp.Precip.clean", 
"my.overloopHFprecip.snsp.progliknatsimseas.choice.snp.clean", 
"my.pair.loop.simH.ext.dens.nonanom.HF.perc.progliknatseas.clean", 
"analog.llik", "my.knormdens", "my.knorm", "my.test.chaos.reg4nn.measure.orig.augH.movie.percseas.clean", 
"seas.adj.pred", "matlag1", "matlag0", "dim.est.calc", "dim.est.loop.calc", 
"dim.est", "disjoint.delaymap.make1", "my.test.chaos.reg4nn.child2", 
"rm.na.reg", "my.cp.extract.larsnntry2", "princompreg", "gen.inv1", 
"is.inf", "tvar", "mtruncplot", "conf.int.width")
F.nat0full0 <-
structure(c(1.2231403143596449, -0.98925875319732848, 0.31215246301265581, 
-0.66390594914483247, -0.23733227272044866, -0.89165291198157959, 
-0.02043040335211806, 0.48205892735118161, 0.49290402081959828, 
-0.99648881550960622, 0.08079046901976969, 0.0084898458969927277, 
-0.909728067762274, -0.96756856626049537, -0.42531389283966858, 
0.97008813342992561, 1.7979302681857212, -0.95310844163594, -0.4180838305273909, 
0.14947606098640789, -0.12526630688014459, -1.003718877821884, 
0.25431196451443427, 4.9972328413685991, 0.030180032833825816, 
-0.97479862857277311, -0.67836607376938785, 1.2556755947648943, 
-0.33132308278005868, -0.97479862857277311, -0.16864668075381076, 
0.15309109214254651, 0.088020531332047389, -1.003718877821884, 
-0.74343663457988707, 0.3013073695442392, -0.8518875692640524, 
-0.78681700845355307, 0.44590861578979296, 1.5304179626314465, 
0.059100282082936606, -1.003718877821884, -0.13249636919242211, 
0.73511110828090054, 0.15309109214254665, -1.003718877821884, 
-0.36024333202916942, 0.051870219770658907, 0.07717543786363093, 
-0.98564372204118966, -0.46507923555719594, 0.77126141984228913, 
-0.50845960943086199, -0.79043203960969199, 0.3013073695442392, 
-0.46507923555719594, -0.19395189884678263, -0.98202869088505074, 
-0.83381241348335811, 2.8245991165291531, 1.5629532430366961, 
-1.003718877821884, -0.13249636919242211, 1.1183044108316182, 
-0.13249636919242228, -0.97479862857277311, -0.46146420440105707, 
1.8413106420593874, -0.10719115109945027, -1.000103846665745, 
-0.94226334816752355, 0.60496998665990231, 0.29769233838810027, 
-1.003718877821884, -0.35301326971689179, 0.20731655948462915, 
1.0387737253965634, -0.89165291198157959, 1.1110743485193404, 
2.7667586180309316, 1.6352538661594731, -0.97118359741663429, 
0.30853743185651689, 0.062715313239075532, -0.73259154111147051, 
-0.93141825469910688, -0.049350652601228846, 0.12417084289343587, 
-0.33493811393619749, -0.86273266273246885, 0.55435955047395824, 
1.3496664048245042, 0.42060339769682115, -1.003718877821884, 
-0.86273266273246885, 1.0206985696158692, 0.20008649717235161, 
-1.000103846665745, -0.50845960943086199, 0.27961718260740609, 
0.12778587404957481, -0.98925875319732848, -0.49038445365016786, 
0.48205892735118161, 0.14586102983026897, -0.9928737843534674, 
-0.26986755312569821, 0.49651905197573704, 0.16755121676710205, 
-1.003718877821884, -0.76512682151672007, -0.34578320740461399, 
1.6316388350033344, -1.003718877821884, -0.70005626070622085, 
1.8485407043716653, -0.16503164959767166, -0.92418819238682914, 
-0.21202705462747679, 2.7197632130011269, -0.2047969923151991, 
-0.42169886168352977, -0.53376482752383403, 0.47844389619504252, 
0.14586102983026897, -1.003718877821884, -0.085500964162617168, 
1.7798551124050266, 1.9497615767435525, -0.76151179036058125, 
-1.003718877821884, 1.7907002058734436, 0.10609568711274156, 
-0.97479862857277311, 0.40975830422840465, 1.8810759847769147, 
-0.96756856626049537, -1.000103846665745, 0.041025126302242441, 
2.3618751285433812, 1.1906050339543952, -0.30601786468708675, 
-0.73620657226760922, 0.67004054747040143, -0.48315439133789018, 
-0.92780322354296818, -0.83019738232721929, 2.3582600973872423, 
-0.078270901850339469, -0.80127713307810855, 0.0012597835847151908, 
0.79295160677912213, 0.019334939365409351, -0.97479862857277311, 
-0.17949177422222723, 0.12417084289343587, -0.44700407977650169, 
-0.99648881550960622, -0.36024333202916942, 0.39529817960384928, 
0.49651905197573704, -0.98925875319732848, -0.85911763157633014, 
0.98454825805448098, -0.41085376821511321, -1.003718877821884, 
0.17478127907937976, 1.8485407043716653, 0.69173073440723432, 
-1.000103846665745, -0.909728067762274, 1.1399945977684511, 2.0256772310224687, 
-1.003718877821884, -0.89165291198157959, 0.51820923891256998, 
-0.45784917324491825, -0.99648881550960622, -0.89165291198157959, 
1.7979302681857212, -0.88803788082544088, -1.000103846665745, 
-0.42531389283966858, 0.63750526706515187, -0.49038445365016786, 
-0.93141825469910688, -0.42531389283966869, 1.6786342400331393, 
0.21093159064076808, -1.003718877821884, -0.19395189884678246, 
2.3329548792942703, 0.48928898966345918, -0.31324792699936443, 
-0.43615898630808514, -0.23371724156430987, 0.60496998665990231, 
-1.003718877821884, -0.42588382693285648, 1.1099273133884142, 
0.071591721344467049, -1.7447724898076189, -0.47794522152001767, 
1.2024809037655904, -0.032531067829856583, -1.3543120304039062, 
-0.22631514768206962, 1.0838966160948325, -0.073023263619871395, 
-1.7042802940176041, 0.033991825253738825, 1.2690037968491856, 
0.08605321984090003, -1.487357816571097, -0.45769912362501025, 
1.4483263782049645, 0.24802200300095928, -1.3976965258932077, 
-0.17714605279419501, 1.3297420905342079, -0.075915563319157997, 
-1.6175113030390018, -0.24656124557707704, 1.2082655031641634, 
-0.090377061815591589, -1.2617584400267297, -0.24366894587779045, 
1.3875880845199422, 0.0050688282608710158, -1.5047116147668178, 
-0.40563772903784906, 1.3268497908349213, -0.19160755129062862, 
-1.6088344039411415, 0.0021765285615844201, 1.3644496869256484, 
-0.20606904978706223, -1.5538807096546932, -0.20606904978706223, 
1.3268497908349213, -0.099053960913451991, -1.3687735289003398, 
-0.16846915369633461, 1.3470958887299276, 0.14679151352592223, 
-1.5567730093539798, -0.51265281791145867, 1.072327417297686, 
-0.13954615670346682, -1.5596653090532664, -0.35357633445068726, 
0.96531232842407577, -0.02674646843128339, -1.3658812292010531, 
-0.29283804076566505, 1.4570032773028243, 0.10919161743519402, 
-1.0535128616780829, -0.070130963920584793, 1.4020495830163766, 
0.094730118938761043, -1.4555425198789433, -0.0093926702355625804, 
1.4020495830163766, 0.27694499999382649, -1.2039124460409947, 
-0.25813044437422406, 1.3470958887299276, 0.19017600901522366, 
-1.2964660364181713, -0.087484762116304987, 1.7028487517421997, 
0.051345623449459636, -1.4931424159696709, -0.37093013264640806, 
1.237188500157032, -0.090377061815592213, -1.3832350273967742, 
-0.23499204677993002, 1.3268497908349202, 0.30008339758812047, 
-1.212589345138855, 0.071591721344465814, 1.6305412592600312, 
0.15836071232306986, -1.4613271192775166, -0.055669465424150584, 
1.6363258586586042, -0.049884866025577394, -1.1142511553631052, 
0.077376320743040239, 1.5611260664771491, 0.094730118938761043, 
-1.3340659325088988, 0.071591721344465814, 1.2747883962477589, 
0.18439140961665046, -1.4208349234875017, -0.18003835249348163, 
1.4685724760999719, 0.22488360540666527, -1.6030498045425676, 
0.088945519540187853, 1.3644496869256484, 0.065807121945892624, 
-1.5683422081511267, -0.012284969934849795, 1.4425417788063912, 
0.14100691412734906, -1.3687735289003404, -0.41720692783499608, 
1.3152805920377737, 0.42155998495816493, -1.3398505319074727, 
0.29140649849026068, 1.4396494791071046, 0.23645280420381165, 
-1.3658812292010531, 0.0079611279601582291, 1.2747883962477589, 
0.16703761142092965, -1.4208349234875017, -0.018069569333422988, 
1.4974954730928391, -0.099053960913451991, -1.1634202502509805, 
-0.24366894587778981, 1.2979267938420529, 0.29429879818954729, 
-1.1113588556638185, -0.023854168731996177, 1.5900490634700164, 
0.033991825253738825, -1.258866140327443, 0.20752980721094447, 
