hawaii_data <-
  structure(c(2.1029483883430937, -0.34724961705173812, -0.78734971589652103, 
              0.37548961712899082, 2.0304768151800303, -1.0410002219672418, 
              -0.10941109058023123, -0.14696454212836393, 0.71940017341189, 
              -1.0666946888159641, 0.31421819618203733, -0.12061124279634086, 
              -0.63054758487098461, -0.56729966647412955, 1.0369574303627662, 
              -0.056704491916185332, 0.30828870383233214, -0.053410329499682649, 
              0.198922511604437, 0.89728494390304447, 0.44664352532545265, 
              -0.51195773787688137, -0.70433682300064893, 2.9666777739501446, 
              0.27337058221740168, -0.30244900818729914, -0.84532697442697147, 
              -1.1945081905762751, 0.55403322010344624, -0.77680839616371178, 
              -0.44739215451342523, 2.7637573690935686, 0.44137286545904814, 
              -1.1082011352639003, -0.2226109053024331, 1.0376162628460668, 
              -0.063951649232491595, -0.64372423453699601, -0.27675454133857674, 
              -1.0713065161990682, 0.35572464262997361, -1.2768622509888468, 
              0.27798240960050574, 0.35308931269677113, 1.1562061098401697, 
              -1.0363883945841377, -0.37228525141716007, 2.7716633588931745, 
              0.18179286703862224, -1.1536605766116399, 0.0078610914472708703, 
              1.975793719066083, 0.60739865125079229, -1.091730323181386, -0.81172651777864224, 
              -0.6496537268867012, 1.9323107751682449, -0.65228905681990346, 
              -0.91252788772362992, -1.2136143325919917, -0.16343535421087826, 
              -0.21877728280812639, 0.35901880504647626, 4.1980356852389162, 
              -0.05538682694958421, -0.87497443617549731, -0.1851768261597973, 
              -1.0970009830477905, 3.9134200524530689, -0.4974634232442689, 
              -0.52249905760969062, -0.88880991832480938, -0.49943992069417043, 
              -0.82687966489455533, -0.13839971984545654, 1.2207716932036261, 
              0.89926144135294628, 1.0652872271446909, -0.43816849974721717, 
              -1.1194012874800099, -0.58377047855664388, -0.62922991990438348, 
              -0.52776971747609536, -0.082398958764907729, -0.40456804309888805, 
              -0.8901275832914104, 0.073085507294027519, 0.28720606436671403, 
              1.532399457804797, -0.75704342166469474, -0.45332164686313059, 
              -1.2880624032049568, 1.3466086975140354, 0.26941758731759835, 
              0.72532966576159486, -1.011352760218716, -0.38677956604977259, 
              -0.69050134085133685, -0.077787131381803695, 1.02971027304646, 
              -0.52776971747609536, -0.78142022354681584, 0.18047520207202111, 
              1.5818118940523405, 0.89464961396984222, 0.49539712908969469, 
              -0.22273027770792997, 1.7445435174275816, -0.32946114000262267, 
              -0.40127388068238512, 2.9745837637497519, 0.14555708045709065, 
              1.4731045343077456, -0.40061504819908444, -0.63318291480418687, 
              -0.34856728201833925, -1.1918728606430731, -0.22009494777472752, 
              0.56720986976945742, -0.11929357782973973, -0.66151271158611147, 
              0.057932360178114303, -0.39402672336607886, 0.47299682465747545, 
              -0.026398197684358908, 0.15148657280679581, 1.7900029587753215, 
              -0.31957865275311392, -0.64108890460379386, -0.58113514862344162, 
              -0.73200778729927285, 1.0119217959973443, -0.041551344800272352, 
              -0.80711469039553818, 0.77342443704253694, -0.092940278497716897, 
              0.12315677602487095, 0.98886265908182458, -0.49548692579436709, 
              -1.1648607288277495, 0.37878377954549353, -0.82687966489455544, 
              -0.14894103957826571, 1.1660885970896786, 0.094168146759645868, 
              -1.2109790026587894, -0.74584326944858492, 0.085603324476738255, 
              -0.80843235536213931, -0.25764839932286021, 0.34254799296396193, 
              -0.098869770847422059, 0.2022166740209399, -0.91977504503993635, 
              1.0336632679462632, 1.8776276790542976, 0.18904002435492825, 
              -0.65360672178650481, -0.65939802651751467, -0.91616623442652367, 
              -0.53172271237589863, -0.49482809331106664, -4.489835233607346e-05, 
              0.78725991919184912, 0.72928266066139846, -0.62395926003797886, 
              -0.38414423611657011, 0.40052525149441232, -0.13708205487885541, 
              -0.38150890618336791, 0.65746991998163629, -0.29586068335429333, 
              2.1385253424413246, -0.80513819294563649, -0.143670379711861, 
              0.22395814596985872, -0.16672951662738092, -0.63977123963719273, 
              -0.42762718001440819, 3.3837187358794076, -0.74650210193188549, 
              -0.99751727806940393, -1.0930479881479871, 0.18047520207202111, 
              0.38866626679500199, -0.74320793951538255, -0.79652884531287504, 
              -1.4257583922147765, -0.61210027533856848, -1.4211465648316726, 
              -0.7441584540899957, -0.55082885439161522, -0.1285172325959478, 
              -1.0996363129809927, -0.651630224336603, 0.24240545550227485, 
              -0.19769464334250803, -0.73925494461557917, -0.54368593978143387, 
              0.26969763122161161, 0.55125348272266639, -1.2788595520341877, 
              -1.4039954860346557, 0.67638941672313435, -0.043142203779561766, 
              -1.4822054447849473, -0.87216776653266492, 0.36354958172196428, 
              0.66074742497307337, -1.9671071890367617, -0.71574784903207822, 
              0.59817945797284267, 0.64510543322301572, -1.4196374777847134, 
              -0.49675996453125754, 1.1769331527250064, 0.58253746622278169, 
              -1.1850076015338349, -0.34034004703067416, 0.94230327647412804, 
              1.1143651857247725, -1.5760573952852968, -1.3257855272843606, 
              0.81716734247366007, 0.36354958172196095, -1.0442296757833092, 
              -0.87216776653266492, 0.56689547447272404, 0.44175954047225596, 
              -1.5916993870353577, -1.1850076015338349, 0.19148767247131995, 
              -0.078750354169408288, -2.0237224480618661, -0.95037772528295661, 
              0.47304352397237132, 0.48868551572243235, -1.7950452797861174, 
              -1.7324773127858835, 0.37919157347202198, 0.12891970547108259, 
              -0.70010585728202057, -0.51240195628131513, 0.58253746622278169, 
              0.25405563947155396, -1.810687271536175, -1.9671071890367617, 
              -0.2777720800304368, -0.16827813778002979, -1.7950452797861174, 
              -1.7324773127858835, -0.16827813778002979, 0.26969763122161161, 
              -1.3257855272843606, -1.2788595520341843, -0.19122785575868623, 
              -0.10812911959541111, -1.0243444451840651, -0.48111797278119983, 
              0.95794526822418569, 0.80152535072360243, -1.520446966378473, 
              -0.95037772528295661, 0.91101929297401274, 1.3020690867254745, 
              -0.35598203878073181, -0.35598203878073181, 0.95794526822418569, 
              1.0205132352244231, -0.60625390678166791, -0.60625390678166791, 
              1.3802790454757661, 0.72331539197330741, -1.2006495932838925, 
              -0.98166170878307524, 1.5210569712262985, 0.77024136722348369, 
              -0.99730370053313289, -1.1850076015338349, 0.37919157347202198, 
              0.50432750747249, -0.62189589853172556, 0.0037837714706145747, 
              0.83280933422372105, 1.0830812022246572, -0.94571563563791128, 
              -1.1239456527412555, 1.2238591279751827, 0.8484513259737787, 
              -0.60625390678166791, 0.17584568072125895, 1.5992669299765869, 
              1.4584890042260612, -1.1380816262836586, 0.04198753591135005, 
              1.2395011197252437, 1.2238591279751827, -0.3872660222808505, 
